1.733158020059273258e+04
1.733158068744917909e+04
1.733158991240830801e+04
1.733159764202586302e+04
1.733160539442627487e+04
1.733161056401286623e+04
1.733161226961144712e+04
1.733161228545109407e+04
1.733163531920980677e+04
1.733163767468413425e+04
1.733165226800000164e+04
1.733175883284612428e+04
1.733176809415063326e+04
1.733177407602713720e+04
1.733177689798558640e+04
1.733178003145149705e+04
1.733178776491570170e+04
1.733179206270725990e+04
1.733179313032159189e+04
1.733179726747686436e+04
