1.733157755791971067e+04
1.733158029262701166e+04
1.733158130501984488e+04
1.733158878113059473e+04
1.733159022524656393e+04
1.733159531939569570e+04
1.733159763181957896e+04
1.733159661911003423e+04
1.733161241293969942e+04
1.733162372952766600e+04
1.733163168241300446e+04
1.733163764629411526e+04
1.733165107731953321e+04
1.733175818396935210e+04
1.733176802743264852e+04
1.733176944824114253e+04
1.733177074871313744e+04
1.733177376767608439e+04
1.733177425804355153e+04
1.733177690809424166e+04
1.733178050545395308e+04
1.733177943705979851e+04
1.733178059643186498e+04
1.733178468699999939e+04
1.733178707460709848e+04
1.733178747566688617e+04
1.733178929126368894e+04
1.733179541305137536e+04
