# freq_Hz	asymmetry	error
9.0400000000e+07	-8.2478095828e-01	2.7899744593e-02
9.0410169000e+07	-8.1285068862e-01	2.7493151428e-02
9.0420338000e+07	-8.4899482522e-01	2.6475188590e-02
9.0430508000e+07	-8.2277623298e-01	2.5668202602e-02
9.0440677000e+07	-8.0770776440e-01	2.9767395662e-02
9.0450847000e+07	-8.7414724392e-01	1.6900089902e-02
9.0461016000e+07	-8.8964079547e-01	2.9719393398e-02
9.0471186000e+07	-8.3350997880e-01	2.6743513111e-02
9.0481355000e+07	-8.5284937020e-01	1.8362682057e-02
9.0491525000e+07	-8.6140343129e-01	2.2867938888e-02
9.0501694000e+07	-8.7056386744e-01	2.2947244269e-02
9.0511864000e+07	-8.4025068417e-01	2.2394881249e-02
9.0522033000e+07	-7.9973810890e-01	2.3442947548e-02
9.0532203000e+07	-8.2071133293e-01	1.8837469051e-02
9.0542372000e+07	-8.2280961939e-01	2.1163608543e-02
9.0552542000e+07	-8.4117700389e-01	2.8629233762e-02
9.0562711000e+07	-8.6859345244e-01	1.9771957253e-02
9.0572881000e+07	-8.8349473911e-01	2.6052894178e-02
9.0583050000e+07	-8.5606250689e-01	2.3578942602e-02
9.0593220000e+07	-8.3854910357e-01	3.1257949298e-02
9.0603389000e+07	-8.7508266505e-01	2.6952335744e-02
9.0613559000e+07	-8.5630397847e-01	2.1563425912e-02
9.0623728000e+07	-8.5953978075e-01	1.9100059060e-02
9.0633898000e+07	-8.1747712334e-01	2.3695949216e-02
9.0644067000e+07	-8.5072652692e-01	2.5093271131e-02
9.0654237000e+07	-8.8473131322e-01	2.3667722378e-02
9.0664406000e+07	-8.2077806017e-01	2.3585813199e-02
9.0674576000e+07	-8.8016426323e-01	2.6176693693e-02
9.0684745000e+07	-8.6708291711e-01	2.5467007844e-02
9.0694915000e+07	-9.3531900396e-01	1.8004153670e-02
9.0705084000e+07	-8.5423025571e-01	2.0089801152e-02
9.0715254000e+07	-8.3900448669e-01	2.2994970478e-02
9.0725423000e+07	-8.3067198304e-01	3.2545491999e-02
9.0735593000e+07	-8.2997196323e-01	1.9805896449e-02
9.0745762000e+07	-9.1569226593e-01	1.7799503919e-02
9.0755932000e+07	-8.4292455255e-01	1.6905453725e-02
9.0766101000e+07	-8.4771427501e-01	2.4117308491e-02
9.0776271000e+07	-8.6262035625e-01	2.2486162287e-02
9.0786440000e+07	-8.6495435931e-01	2.7199077820e-02
9.0796610000e+07	-8.6991445904e-01	1.9570324568e-02
9.0806779000e+07	-8.6684367253e-01	1.8506967153e-02
9.0816949000e+07	-8.2922874743e-01	2.5122132466e-02
9.0827118000e+07	-8.6105109007e-01	2.5509069586e-02
9.0837288000e+07	-8.3474254389e-01	1.9692360547e-02
9.0847457000e+07	-8.3323395141e-01	2.3813038197e-02
9.0857627000e+07	-8.7686659612e-01	1.8298458154e-02
9.0867796000e+07	-8.5554161279e-01	2.2413207720e-02
9.0877966000e+07	-8.7585716341e-01	2.0378656589e-02
9.0888135000e+07	-8.4057877172e-01	1.8032557968e-02
9.0898305000e+07	-8.7873178964e-01	2.1576701493e-02
9.0908474000e+07	-8.3314527884e-01	2.3507701302e-02
9.0918644000e+07	-8.5190252386e-01	1.7811902085e-02
9.0928813000e+07	-8.9079532100e-01	2.6696880008e-02
9.0938983000e+07	-7.9094810150e-01	2.3003003967e-02
9.0949152000e+07	-8.4534864131e-01	2.2634886911e-02
9.0959322000e+07	-8.5995880989e-01	2.2716566180e-02
9.0969491000e+07	-9.0517834600e-01	2.5606064730e-02
9.0979661000e+07	-8.7205216830e-01	2.1828348902e-02
9.0989830000e+07	-8.6720611251e-01	1.7212838487e-02
9.1000000000e+07	-8.4984409510e-01	1.4951477510e-02
9.1010169000e+07	-9.0249758309e-01	2.0794713456e-02
9.1020338000e+07	-8.6337341590e-01	1.9298292355e-02
9.1030508000e+07	-8.6259229439e-01	1.8223868582e-02
9.1040677000e+07	-8.8367029845e-01	2.1176387223e-02
9.1050847000e+07	-8.3700917157e-01	2.0301267474e-02
9.1061016000e+07	-8.9273666371e-01	2.5193957195e-02
9.1071186000e+07	-8.5649332377e-01	2.6225719498e-02
9.1081355000e+07	-9.0894347625e-01	2.8075926142e-02
9.1091525000e+07	-8.4965160598e-01	1.6081898188e-02
9.1101694000e+07	-9.0301570038e-01	1.6105405615e-02
9.1111864000e+07	-8.8601663339e-01	2.0390209828e-02
9.1122033000e+07	-8.8344269995e-01	2.1430696094e-02
9.1132203000e+07	-8.9606490784e-01	2.4912537016e-02
9.1142372000e+07	-8.4721391906e-01	2.3910318648e-02
9.1152542000e+07	-8.6097618767e-01	2.2673764193e-02
9.1162711000e+07	-8.7672618235e-01	1.8068030567e-02
9.1172881000e+07	-8.8411743705e-01	2.3270069519e-02
9.1183050000e+07	-8.2473336097e-01	1.6913702068e-02
9.1193220000e+07	-8.8033454797e-01	1.9729769642e-02
9.1203389000e+07	-8.7571016074e-01	2.3744398677e-02
9.1213559000e+07	-8.5256857047e-01	1.8387658324e-02
9.1223728000e+07	-8.7598417558e-01	1.6780869053e-02
9.1233898000e+07	-8.7503331416e-01	2.0447807639e-02
9.1244067000e+07	-8.6936423763e-01	2.1121060280e-02
9.1254237000e+07	-8.4804100060e-01	2.5500277337e-02
9.1264406000e+07	-8.5818927082e-01	2.3359017573e-02
9.1274576000e+07	-8.5639324985e-01	1.4275481901e-02
9.1284745000e+07	-8.5019696013e-01	2.1258050808e-02
9.1294915000e+07	-8.2563622992e-01	1.8716046488e-02
9.1305084000e+07	-8.5900165938e-01	1.8223941786e-02
9.1315254000e+07	-8.8201533174e-01	2.3960419678e-02
9.1325423000e+07	-8.6127535335e-01	2.1554818172e-02
9.1335593000e+07	-8.7505984876e-01	2.0500859493e-02
9.1345762000e+07	-8.6494167627e-01	2.5943842794e-02
9.1355932000e+07	-8.9762002556e-01	1.4525926314e-02
9.1366101000e+07	-8.1755802023e-01	2.6703209352e-02
9.1376271000e+07	-8.6711376968e-01	1.9881902657e-02
9.1386440000e+07	-8.9091019730e-01	2.0231180642e-02
9.1396610000e+07	-8.6514737213e-01	1.8089688869e-02
9.1406779000e+07	-8.5583271576e-01	1.6427440666e-02
9.1416949000e+07	-8.5457913225e-01	2.2849610846e-02
9.1427118000e+07	-8.3414407054e-01	1.7745524172e-02
9.1437288000e+07	-8.7406083223e-01	2.2868019025e-02
9.1447457000e+07	-8.6087150731e-01	2.2638537845e-02
9.1457627000e+07	-8.5801578522e-01	2.1223181610e-02
9.1467796000e+07	-8.8097027018e-01	1.8178105665e-02
9.1477966000e+07	-9.1024085341e-01	1.4164139180e-02
9.1488135000e+07	-8.8129602560e-01	2.3132952414e-02
9.1498305000e+07	-8.7306723664e-01	1.9232783031e-02
9.1508474000e+07	-8.3636180384e-01	1.4100229858e-02
9.1518644000e+07	-8.6274981368e-01	1.4613901500e-02
9.1528813000e+07	-8.4559357109e-01	1.9763151945e-02
9.1538983000e+07	-8.5300683791e-01	1.5279893763e-02
9.1549152000e+07	-8.7042024398e-01	1.8255017912e-02
9.1559322000e+07	-8.5861312673e-01	1.4866820721e-02
9.1569491000e+07	-8.5442506801e-01	1.9769188406e-02
9.1579661000e+07	-8.3280667593e-01	1.8848296152e-02
9.1589830000e+07	-8.5967155363e-01	2.0342610866e-02
9.1600000000e+07	-8.5804011906e-01	1.2202550261e-02
9.1610169000e+07	-8.5959701726e-01	2.2077063032e-02
9.1620338000e+07	-8.3561244438e-01	1.8596976816e-02
9.1630508000e+07	-8.8134521121e-01	2.0416733911e-02
9.1640677000e+07	-8.5494927721e-01	1.7686525582e-02
9.1650847000e+07	-8.8740047091e-01	1.9251839464e-02
9.1661016000e+07	-8.8654292672e-01	1.6960580333e-02
9.1671186000e+07	-8.4101050173e-01	2.2202328267e-02
9.1681355000e+07	-8.5082191747e-01	2.3626144681e-02
9.1691525000e+07	-8.6291501645e-01	2.0411478612e-02
9.1701694000e+07	-8.6500929656e-01	1.7850375012e-02
9.1711864000e+07	-8.5904512790e-01	2.5401016655e-02
9.1722033000e+07	-8.6207161097e-01	2.6178417291e-02
9.1732203000e+07	-8.3161408532e-01	1.9820360357e-02
9.1742372000e+07	-8.9809380321e-01	2.3452119760e-02
9.1752542000e+07	-8.7617576219e-01	2.1691088516e-02
9.1762711000e+07	-8.6031287438e-01	1.8513814056e-02
9.1772881000e+07	-8.1031379346e-01	1.3069470680e-02
9.1783050000e+07	-8.6158996480e-01	1.5271389814e-02
9.1793220000e+07	-8.7640518873e-01	1.9060130514e-02
9.1803389000e+07	-8.8053397153e-01	2.1614417014e-02
9.1813559000e+07	-8.7553801017e-01	2.0359311365e-02
9.1823728000e+07	-8.4316494168e-01	1.9167363604e-02
9.1833898000e+07	-8.6362552030e-01	2.0393659672e-02
9.1844067000e+07	-8.6028307153e-01	1.4848385772e-02
9.1854237000e+07	-8.6862949652e-01	2.2483496618e-02
9.1864406000e+07	-8.7326363555e-01	2.6895289260e-02
9.1874576000e+07	-8.6687623852e-01	2.3121673049e-02
9.1884745000e+07	-8.9679340790e-01	1.8284515342e-02
9.1894915000e+07	-8.6466824324e-01	2.2060948648e-02
9.1905084000e+07	-8.5393253856e-01	1.5255654952e-02
9.1915254000e+07	-8.5644254088e-01	2.1175946160e-02
9.1925423000e+07	-8.6302300878e-01	1.5763634880e-02
9.1935593000e+07	-8.5705150225e-01	1.7680661222e-02
9.1945762000e+07	-8.6367511395e-01	1.2828764410e-02
9.1955932000e+07	-8.4993008665e-01	2.4985794463e-02
9.1966101000e+07	-9.0531406720e-01	2.1257234280e-02
9.1976271000e+07	-8.9812084690e-01	2.0724873577e-02
9.1986440000e+07	-8.9565756816e-01	1.5656210802e-02
9.1996610000e+07	-8.6149762024e-01	2.9864634407e-02
9.2006779000e+07	-8.6171218925e-01	2.3707466834e-02
9.2016949000e+07	-8.4944307411e-01	1.6914511868e-02
9.2027118000e+07	-8.4166776144e-01	2.5887236088e-02
9.2037288000e+07	-9.0938918806e-01	2.2194320551e-02
9.2047457000e+07	-8.5222047637e-01	2.5366706434e-02
9.2057627000e+07	-8.4949472534e-01	2.0970019704e-02
9.2067796000e+07	-8.4395524675e-01	2.2042415274e-02
9.2077966000e+07	-8.2747424582e-01	2.1047073489e-02
9.2088135000e+07	-8.7633325183e-01	1.7570198984e-02
9.2098305000e+07	-8.6088613174e-01	1.7526804163e-02
9.2108474000e+07	-8.3980235584e-01	2.1162016806e-02
9.2118644000e+07	-8.8819288530e-01	1.8553348137e-02
9.2128813000e+07	-8.4474835991e-01	2.0825197463e-02
9.2138983000e+07	-8.6021534584e-01	1.8787504307e-02
9.2149152000e+07	-8.8792091760e-01	2.7191504522e-02
9.2159322000e+07	-8.6401435575e-01	2.6028496001e-02
9.2169491000e+07	-8.6036765105e-01	2.1305621231e-02
9.2179661000e+07	-8.4346178352e-01	1.6618338110e-02
9.2189830000e+07	-8.5263023378e-01	2.0046766556e-02
9.2200000000e+07	-8.3679471498e-01	1.6611582641e-02
9.2210169000e+07	-8.4255153425e-01	1.6651417856e-02
9.2220338000e+07	-8.4288907460e-01	1.8516096597e-02
9.2230508000e+07	-8.6733740249e-01	1.7392994566e-02
9.2240677000e+07	-9.0118350583e-01	1.7411467722e-02
9.2250847000e+07	-8.4861526912e-01	2.5226334105e-02
9.2261016000e+07	-8.6403082881e-01	1.6828551980e-02
9.2271186000e+07	-8.4934842720e-01	1.8830808723e-02
9.2281355000e+07	-8.7335658800e-01	2.3573219511e-02
9.2291525000e+07	-8.3322236258e-01	2.4736239513e-02
9.2301694000e+07	-8.6696247936e-01	1.9028019834e-02
9.2311864000e+07	-8.3729441517e-01	2.1547761489e-02
9.2322033000e+07	-8.9049546399e-01	2.1092525399e-02
9.2332203000e+07	-8.9121913696e-01	1.9334147136e-02
9.2342372000e+07	-8.6429010768e-01	2.0960228802e-02
9.2352542000e+07	-9.0340572494e-01	1.4878193631e-02
9.2362711000e+07	-8.7198656805e-01	1.7409226899e-02
9.2372881000e+07	-8.6555063353e-01	1.6922046292e-02
9.2383050000e+07	-8.7586843587e-01	1.6701643748e-02
9.2393220000e+07	-8.4413518915e-01	1.5456672121e-02
9.2403389000e+07	-8.6189504876e-01	1.2815822634e-02
9.2413559000e+07	-8.5079574657e-01	1.9168659119e-02
9.2423728000e+07	-8.7668737185e-01	1.8253669298e-02
9.2433898000e+07	-8.7866036414e-01	1.8316959715e-02
9.2444067000e+07	-8.5118556608e-01	1.3475211872e-02
9.2454237000e+07	-8.5962387176e-01	2.0961436402e-02
9.2464406000e+07	-8.9650914882e-01	1.9731778376e-02
9.2474576000e+07	-8.6984979878e-01	1.9920499657e-02
9.2484745000e+07	-8.6590115500e-01	2.1117561157e-02
9.2494915000e+07	-8.4107083928e-01	2.3258072062e-02
9.2505084000e+07	-8.2465606773e-01	2.3206030794e-02
9.2515254000e+07	-7.7116761796e-01	2.6228851343e-02
9.2525423000e+07	-7.5529305609e-01	1.4302810112e-02
9.2535593000e+07	-7.1879886257e-01	2.3838461519e-02
9.2545762000e+07	-6.7636403719e-01	1.8828005605e-02
9.2555932000e+07	-7.0354591738e-01	1.4876007294e-02
9.2566101000e+07	-7.3170419540e-01	2.1401496732e-02
9.2576271000e+07	-7.6487158424e-01	1.7068000675e-02
9.2586440000e+07	-7.1206611800e-01	2.0627319439e-02
9.2596610000e+07	-7.1611217358e-01	1.9135108057e-02
9.2606779000e+07	-7.3767585734e-01	2.4675938143e-02
9.2616949000e+07	-7.0979047538e-01	1.5695301120e-02
9.2627118000e+07	-7.2578000301e-01	2.2359660569e-02
9.2637288000e+07	-7.5291115294e-01	1.9069135925e-02
9.2647457000e+07	-8.0344500182e-01	1.6890355339e-02
9.2657627000e+07	-8.8066024849e-01	2.4441872913e-02
9.2667796000e+07	-8.6064551534e-01	1.5942499843e-02
9.2677966000e+07	-8.7786088430e-01	1.8875556269e-02
9.2688135000e+07	-8.7536264033e-01	1.7441706424e-02
9.2698305000e+07	-8.9376357458e-01	1.5079369751e-02
9.2708474000e+07	-8.6074753596e-01	2.1154351939e-02
9.2718644000e+07	-8.5209619270e-01	1.6914723298e-02
9.2728813000e+07	-8.3637417415e-01	1.6029085986e-02
9.2738983000e+07	-8.8420608551e-01	2.7620777730e-02
9.2749152000e+07	-9.0035809483e-01	1.6101791383e-02
9.2759322000e+07	-8.5385269617e-01	1.9362746829e-02
9.2769491000e+07	-8.7916729026e-01	1.9828421728e-02
9.2779661000e+07	-8.6194114878e-01	1.4884555341e-02
9.2789830000e+07	-8.3717503005e-01	1.6181281193e-02
9.2800000000e+07	-8.6473290672e-01	1.3352114906e-02
9.2810169000e+07	-8.6214012900e-01	1.3511887574e-02
9.2820338000e+07	-8.2723560363e-01	1.2046461014e-02
9.2830508000e+07	-8.9194790096e-01	1.8147568734e-02
9.2840677000e+07	-8.6578590271e-01	2.0983535349e-02
9.2850847000e+07	-8.5420205766e-01	1.9458191888e-02
9.2861016000e+07	-8.7780089665e-01	1.8944328393e-02
9.2871186000e+07	-8.3810537238e-01	1.5175106169e-02
9.2881355000e+07	-8.6024481347e-01	1.6012960955e-02
9.2891525000e+07	-8.9782970383e-01	1.8838921509e-02
9.2901694000e+07	-8.9528173490e-01	1.4164496596e-02
9.2911864000e+07	-8.5726851667e-01	1.1204713898e-02
9.2922033000e+07	-8.6128696501e-01	2.0621342717e-02
9.2932203000e+07	-8.4794265511e-01	1.6478646037e-02
9.2942372000e+07	-8.7599508486e-01	1.8436040679e-02
9.2952542000e+07	-8.4771154178e-01	1.5723638251e-02
9.2962711000e+07	-8.7512360638e-01	1.4813035782e-02
9.2972881000e+07	-8.7708450568e-01	2.2923311653e-02
9.2983050000e+07	-8.6761827027e-01	1.6044353354e-02
9.2993220000e+07	-8.5190207796e-01	1.3464329117e-02
9.3003389000e+07	-8.5231165401e-01	2.2856192430e-02
9.3013559000e+07	-8.7036058265e-01	2.0454333928e-02
9.3023728000e+07	-8.5305771694e-01	1.8484287188e-02
9.3033898000e+07	-8.7386806957e-01	1.7774877784e-02
9.3044067000e+07	-8.5618335343e-01	1.6435254412e-02
9.3054237000e+07	-8.8283445914e-01	1.4534985035e-02
9.3064406000e+07	-8.5832227634e-01	2.3935346232e-02
9.3074576000e+07	-8.6030219414e-01	1.7097443404e-02
9.3084745000e+07	-8.7768374093e-01	1.8081558806e-02
9.3094915000e+07	-8.7654765932e-01	2.1612280504e-02
9.3100000000e+07	-8.3980900669e-01	2.0193532532e-02
9.3105084000e+07	-8.9301595630e-01	1.3575928521e-02
9.3110256000e+07	-8.4357503393e-01	2.2586989956e-02
9.3115254000e+07	-8.6063184638e-01	1.8856283207e-02
9.3120512000e+07	-8.8017690196e-01	2.3307516713e-02
9.3125423000e+07	-9.0351320215e-01	1.2501141564e-02
9.3130769000e+07	-8.6048524196e-01	2.3813204012e-02
9.3135593000e+07	-8.6581681715e-01	2.2696595140e-02
9.3141025000e+07	-8.5496546900e-01	1.7598581682e-02
9.3145762000e+07	-8.4340058365e-01	8.0428724902e-03
9.3151282000e+07	-8.3893215253e-01	1.5188266492e-02
9.3155932000e+07	-8.8543587824e-01	1.8899885934e-02
9.3161538000e+07	-8.4605712777e-01	2.3518661710e-02
9.3166101000e+07	-8.6865941019e-01	1.8605132229e-02
9.3171794000e+07	-8.3965933044e-01	1.9445550737e-02
9.3176271000e+07	-8.7456855446e-01	2.1666539911e-02
9.3182051000e+07	-8.4773618451e-01	1.6978968999e-02
9.3186440000e+07	-8.8461223633e-01	1.7232737377e-02
9.3192307000e+07	-8.8223640330e-01	2.1339021623e-02
9.3196610000e+07	-8.6369122736e-01	2.3910450848e-02
9.3202564000e+07	-8.9438315264e-01	1.4478136227e-02
9.3206779000e+07	-8.9697064866e-01	1.9239146628e-02
9.3212820000e+07	-8.8467704347e-01	2.4359790244e-02
9.3216949000e+07	-8.5941531920e-01	2.5219622154e-02
9.3223076000e+07	-8.2246375544e-01	1.7802760231e-02
9.3227118000e+07	-8.6316480068e-01	1.7835488005e-02
9.3233333000e+07	-8.4160853352e-01	2.0935332665e-02
9.3237288000e+07	-8.3517870875e-01	1.6470546409e-02
9.3243589000e+07	-8.3396727934e-01	2.4545227976e-02
9.3247457000e+07	-7.8365167125e-01	2.0593897595e-02
9.3253846000e+07	-8.3901726930e-01	2.2632755608e-02
9.3257627000e+07	-7.5490111698e-01	1.5234903950e-02
9.3264102000e+07	-8.2744634781e-01	2.6346144623e-02
9.3267796000e+07	-7.3422698085e-01	1.8382867083e-02
9.3274358000e+07	-8.2745824403e-01	2.8537361807e-02
9.3277966000e+07	-7.4780422791e-01	1.6651911376e-02
9.3284615000e+07	-7.5663132355e-01	2.4128041047e-02
9.3288135000e+07	-7.2918892227e-01	2.2235696419e-02
9.3294871000e+07	-7.4856821193e-01	2.0955682239e-02
9.3298305000e+07	-7.3563994250e-01	1.0936202713e-02
9.3305128000e+07	-7.8556524452e-01	2.7722581411e-02
9.3308474000e+07	-7.8884968402e-01	2.0720049713e-02
9.3315384000e+07	-8.3236386439e-01	1.7935114248e-02
9.3318644000e+07	-7.8898306351e-01	1.6844188544e-02
9.3325641000e+07	-7.9607238645e-01	1.8527028123e-02
9.3328813000e+07	-8.5195958374e-01	1.7001928448e-02
9.3335897000e+07	-8.6434872803e-01	2.1040581793e-02
9.3338983000e+07	-8.2863851388e-01	2.0966435548e-02
9.3346153000e+07	-8.7141550975e-01	2.2167929314e-02
9.3349152000e+07	-8.5208639260e-01	1.9180019307e-02
9.3356410000e+07	-8.9883781664e-01	2.7045075401e-02
9.3359322000e+07	-8.8989216767e-01	1.5173754044e-02
9.3366666000e+07	-8.5875481541e-01	2.5495831186e-02
9.3369491000e+07	-8.6462665063e-01	1.5907105629e-02
9.3376923000e+07	-8.7381582088e-01	2.6394492908e-02
9.3379661000e+07	-8.6920667568e-01	1.7813322612e-02
9.3387179000e+07	-8.3812830829e-01	2.0737829943e-02
9.3389830000e+07	-8.8559186872e-01	1.7082503820e-02
9.3397435000e+07	-8.7720542502e-01	1.7171537686e-02
9.3400000000e+07	-9.0434429977e-01	1.3056717972e-02
9.3407692000e+07	-8.8303992860e-01	1.6957075407e-02
9.3410169000e+07	-8.6563119603e-01	2.1907560569e-02
9.3417948000e+07	-8.4114464703e-01	2.1800021568e-02
9.3420338000e+07	-8.6018572672e-01	3.2154849655e-02
9.3428205000e+07	-8.8149351650e-01	2.3999609530e-02
9.3430508000e+07	-8.9649797418e-01	2.9755021382e-02
9.3438461000e+07	-8.4903083942e-01	1.7028421090e-02
9.3440677000e+07	-8.9608715112e-01	2.6928109749e-02
9.3448717000e+07	-8.6437006346e-01	1.2654222543e-02
9.3450847000e+07	-8.6506159682e-01	2.7020701761e-02
9.3458974000e+07	-8.6958067523e-01	2.3653515270e-02
9.3461016000e+07	-8.6861942082e-01	3.2514694539e-02
9.3469230000e+07	-8.9685207213e-01	2.0587372908e-02
9.3471186000e+07	-8.9372032726e-01	2.7036423748e-02
9.3479487000e+07	-8.4346253959e-01	2.4892568742e-02
9.3481355000e+07	-8.4727849653e-01	2.4006714949e-02
9.3489743000e+07	-8.4876170050e-01	1.3941524912e-02
9.3491525000e+07	-8.6980936002e-01	3.1212288678e-02
9.3500000000e+07	-8.7278496100e-01	1.3095879619e-02
9.3501694000e+07	-8.4947928706e-01	2.2297776118e-02
9.3511864000e+07	-8.7468099403e-01	2.5693244176e-02
9.3522033000e+07	-8.5239982955e-01	2.1210739321e-02
9.3532203000e+07	-8.5395342414e-01	2.2060108130e-02
9.3542372000e+07	-8.6037715918e-01	2.7779123848e-02
9.3552542000e+07	-8.5728292469e-01	2.6806299057e-02
9.3562711000e+07	-8.1968845157e-01	3.0344081022e-02
9.3572881000e+07	-8.4186701579e-01	3.7074533065e-02
9.3583050000e+07	-8.1821945678e-01	2.6612500298e-02
9.3593220000e+07	-8.7248876562e-01	2.5764402258e-02
9.3603389000e+07	-8.5443179646e-01	1.5036707792e-02
9.3613559000e+07	-8.3547983063e-01	1.9835052275e-02
9.3623728000e+07	-8.5585464211e-01	2.4419266816e-02
9.3633898000e+07	-8.5536736869e-01	3.7172890718e-02
9.3644067000e+07	-8.9535804743e-01	2.3441514387e-02
9.3654237000e+07	-8.5194553872e-01	3.0020268055e-02
9.3664406000e+07	-8.3470437129e-01	2.6230548958e-02
9.3674576000e+07	-7.9247077900e-01	2.7908216566e-02
9.3684745000e+07	-8.2746571240e-01	2.4008839610e-02
9.3694915000e+07	-9.0247180855e-01	1.5208474524e-02
9.3705084000e+07	-8.1586049354e-01	2.9040403709e-02
9.3715254000e+07	-8.7079095782e-01	1.9108729668e-02
9.3725423000e+07	-8.5956037197e-01	2.9635949778e-02
9.3735593000e+07	-8.5173731779e-01	1.4801322068e-02
9.3745762000e+07	-8.8572704787e-01	2.6273925986e-02
9.3755932000e+07	-8.6548284886e-01	2.1368778112e-02
9.3766101000e+07	-8.7207148293e-01	2.2894943192e-02
9.3776271000e+07	-8.4134799601e-01	2.0518963966e-02
9.3786440000e+07	-8.6289154800e-01	2.4643637692e-02
9.3796610000e+07	-8.2987979126e-01	3.1038682625e-02
9.3806779000e+07	-8.2352429405e-01	3.3789238970e-02
9.3816949000e+07	-8.5339977703e-01	3.2412732150e-02
9.3827118000e+07	-8.5139747168e-01	2.8981353336e-02
9.3837288000e+07	-9.0543723382e-01	2.1779591624e-02
9.3847457000e+07	-8.7165385373e-01	2.8559605331e-02
9.3857627000e+07	-8.5516424195e-01	2.2614738683e-02
9.3867796000e+07	-8.0298488802e-01	2.5825765154e-02
9.3877966000e+07	-8.4931427709e-01	3.2073473833e-02
9.3888135000e+07	-8.1609654753e-01	2.6930564449e-02
9.3898305000e+07	-8.3454474949e-01	3.0348677557e-02
9.3908474000e+07	-8.7586287561e-01	1.7291038262e-02
9.3918644000e+07	-8.4669248970e-01	2.6938325875e-02
9.3928813000e+07	-8.5902519683e-01	2.7250159894e-02
9.3938983000e+07	-8.4538234348e-01	1.9226351727e-02
9.3949152000e+07	-8.6139988245e-01	2.0989766854e-02
9.3959322000e+07	-8.4725983814e-01	2.8386353877e-02
9.3969491000e+07	-8.4916671750e-01	1.9348809003e-02
9.3979661000e+07	-8.7188800839e-01	2.5095480938e-02
9.3989830000e+07	-8.8426726313e-01	2.3877120736e-02
9.4000000000e+07	-8.6740719787e-01	2.2282890777e-02
9.4010169000e+07	-8.7855181452e-01	2.8530683657e-02
9.4020338000e+07	-8.1278207674e-01	2.1154012451e-02
9.4030508000e+07	-8.4831848954e-01	2.5865292160e-02
9.4040677000e+07	-8.2818061746e-01	2.0183184497e-02
9.4050847000e+07	-8.5744064482e-01	1.8437663641e-02
9.4061016000e+07	-8.4030262646e-01	2.5607977516e-02
9.4071186000e+07	-8.4323416983e-01	2.3687071889e-02
9.4081355000e+07	-8.3937297421e-01	1.7461787460e-02
9.4091525000e+07	-8.1014267353e-01	2.7398175748e-02
9.4101694000e+07	-8.2445033775e-01	2.9091748229e-02
9.4111864000e+07	-8.8071888892e-01	3.0294427034e-02
9.4122033000e+07	-8.8227067145e-01	2.1465168624e-02
9.4132203000e+07	-8.3753432444e-01	2.6830583622e-02
9.4142372000e+07	-8.4213276717e-01	1.8806892059e-02
9.4152542000e+07	-7.9172338117e-01	1.7928164281e-02
9.4162711000e+07	-7.9049760157e-01	2.2000409080e-02
9.4172881000e+07	-7.8108627939e-01	2.2006326050e-02
9.4183050000e+07	-7.0174188238e-01	1.7629759622e-02
9.4193220000e+07	-7.4715980618e-01	1.9194267026e-02
9.4203389000e+07	-7.7457316207e-01	2.3220560836e-02
9.4213559000e+07	-7.7077051931e-01	2.0903603126e-02
9.4223728000e+07	-7.9523409104e-01	2.2995557271e-02
9.4233898000e+07	-8.4317272171e-01	1.9467729938e-02
9.4244067000e+07	-8.8942827115e-01	2.0437440424e-02
9.4254237000e+07	-8.4780041345e-01	2.0090774930e-02
9.4264406000e+07	-8.3079730788e-01	2.6208893374e-02
9.4274576000e+07	-8.1958107837e-01	1.7135471947e-02
9.4284745000e+07	-8.1385508376e-01	2.3069913919e-02
9.4294915000e+07	-8.1401690074e-01	3.1655451462e-02
9.4305084000e+07	-8.2981604029e-01	1.8047349008e-02
9.4315254000e+07	-8.2616774843e-01	1.6069481261e-02
9.4325423000e+07	-7.9772196828e-01	2.4594520022e-02
9.4335593000e+07	-7.9502484327e-01	3.5245242919e-02
9.4345762000e+07	-7.9634774276e-01	2.0015940871e-02
9.4355932000e+07	-8.0592601155e-01	1.9161385363e-02
9.4366101000e+07	-8.4010199594e-01	2.0576814853e-02
9.4376271000e+07	-8.7387327852e-01	2.0518007160e-02
9.4386440000e+07	-8.5104017377e-01	1.6738618199e-02
9.4396610000e+07	-8.5932563269e-01	1.5768772113e-02
9.4406779000e+07	-8.6853634482e-01	1.1748341298e-02
9.4416949000e+07	-8.6529263012e-01	2.2812311422e-02
9.4427118000e+07	-8.7258417034e-01	1.9221416306e-02
9.4437288000e+07	-9.1737426196e-01	1.5536385006e-02
9.4447457000e+07	-8.1185853458e-01	1.6640683012e-02
9.4457627000e+07	-8.8423378991e-01	2.5969109704e-02
9.4467796000e+07	-8.0615264804e-01	2.9887444260e-02
9.4477966000e+07	-8.4309517820e-01	1.9967352456e-02
9.4488135000e+07	-8.5434297559e-01	2.0228584662e-02
9.4498305000e+07	-8.3741633918e-01	2.0034319021e-02
9.4508474000e+07	-8.2667570073e-01	3.0744042942e-02
9.4518644000e+07	-8.4476187679e-01	2.0593227902e-02
9.4528813000e+07	-8.6049021581e-01	2.8169254809e-02
9.4538983000e+07	-8.6915047144e-01	2.1732209926e-02
9.4549152000e+07	-8.5124894913e-01	1.8953704094e-02
9.4559322000e+07	-8.5872462301e-01	2.1715843746e-02
9.4569491000e+07	-8.1931182770e-01	2.3193218180e-02
9.4579661000e+07	-8.4444695169e-01	1.8411752505e-02
9.4589830000e+07	-8.2528187849e-01	1.7605350934e-02
9.4600000000e+07	-8.7218990707e-01	1.6244471563e-02
9.4610204000e+07	-8.6584904004e-01	2.3002279575e-02
9.4620408000e+07	-8.8879848008e-01	2.0132028630e-02
9.4630612000e+07	-8.5825233849e-01	2.3037792504e-02
9.4640816000e+07	-8.6596835020e-01	2.3601323780e-02
9.4651020000e+07	-8.1634820523e-01	2.1205401219e-02
9.4661224000e+07	-8.4706189845e-01	2.2184413616e-02
9.4671428000e+07	-8.5220677294e-01	2.1311132378e-02
9.4681632000e+07	-8.8046487931e-01	1.3600386511e-02
9.4691836000e+07	-8.8637810468e-01	2.4535643752e-02
9.4702040000e+07	-8.3356830524e-01	2.0157402735e-02
9.4712244000e+07	-8.5967319069e-01	1.7443215176e-02
9.4722448000e+07	-8.6252949939e-01	2.5907263296e-02
9.4732653000e+07	-8.7488250326e-01	2.3517842321e-02
9.4742857000e+07	-8.5238991434e-01	1.3992475660e-02
9.4753061000e+07	-8.6942056443e-01	2.4661193491e-02
9.4763265000e+07	-8.8190504638e-01	1.6661416919e-02
9.4773469000e+07	-8.7423551887e-01	2.9180873752e-02
9.4783673000e+07	-8.7103568024e-01	2.2256085996e-02
9.4793877000e+07	-8.8141025970e-01	2.0132852284e-02
9.4804081000e+07	-8.2778964572e-01	2.8041542448e-02
9.4814285000e+07	-8.7912066246e-01	2.6466848025e-02
9.4824489000e+07	-8.8026920987e-01	1.8233453322e-02
9.4834693000e+07	-8.9082042248e-01	9.5284143555e-03
9.4844897000e+07	-8.4225746382e-01	2.1718190879e-02
9.4855102000e+07	-8.8051709820e-01	2.7247684175e-02
9.4865306000e+07	-8.7079766326e-01	2.7058707346e-02
9.4875510000e+07	-8.5323131617e-01	1.7144125832e-02
9.4885714000e+07	-8.6152814459e-01	2.1937132225e-02
9.4895918000e+07	-8.3492369076e-01	1.8721077753e-02
9.4906122000e+07	-8.4034280641e-01	2.2614870046e-02
9.4916326000e+07	-8.1623971743e-01	3.2886433895e-02
9.4926530000e+07	-8.3876049413e-01	1.5740035247e-02
9.4936734000e+07	-7.9310207156e-01	2.0084620199e-02
9.4946938000e+07	-8.3467648946e-01	2.0173288454e-02
9.4957142000e+07	-8.1445606979e-01	2.3660453856e-02
9.4967346000e+07	-8.5610181474e-01	1.5830535631e-02
9.4977551000e+07	-8.6211471595e-01	2.2760148455e-02
9.4987755000e+07	-8.5116335313e-01	2.1200410984e-02
9.4997959000e+07	-8.6928689651e-01	2.8912840692e-02
9.5008163000e+07	-8.7021671416e-01	1.7536434239e-02
9.5018367000e+07	-8.6320619780e-01	1.9515882619e-02
9.5028571000e+07	-8.7163175545e-01	2.4361483740e-02
9.5038775000e+07	-8.7391847946e-01	2.1695943407e-02
9.5048979000e+07	-8.2418359525e-01	2.3194870169e-02
9.5059183000e+07	-8.8010664253e-01	2.0014954833e-02
9.5069387000e+07	-8.8826821082e-01	2.3133926083e-02
9.5079591000e+07	-8.4385801237e-01	2.6089383262e-02
9.5089795000e+07	-8.8061872184e-01	2.5577809769e-02
9.5100000000e+07	-8.6933867988e-01	1.1336442331e-02
9.5104081000e+07	-8.6184158287e-01	2.0902867834e-02
9.5108163000e+07	-8.8962304830e-01	1.9060678076e-02
9.5110204000e+07	-8.7130499597e-01	2.2617103161e-02
9.5112244000e+07	-8.5964448379e-01	1.2832376725e-02
9.5116326000e+07	-8.7215841574e-01	1.8607704347e-02
9.5120408000e+07	-8.7378565557e-01	1.3909127292e-02
9.5124489000e+07	-8.1340025774e-01	2.1655258244e-02
9.5128571000e+07	-8.6103571979e-01	1.9675567608e-02
9.5130612000e+07	-8.7067617951e-01	2.6119981838e-02
9.5132653000e+07	-8.5497645043e-01	1.8633608875e-02
9.5136734000e+07	-8.3151385859e-01	2.2761535322e-02
9.5140816000e+07	-8.1528042199e-01	1.3545273815e-02
9.5144897000e+07	-8.5615719606e-01	2.5625623534e-02
9.5148979000e+07	-8.4729229476e-01	2.3469937376e-02
9.5151020000e+07	-8.5717723707e-01	2.4971034465e-02
9.5153061000e+07	-8.5458161275e-01	2.0735710875e-02
9.5157142000e+07	-8.2419309143e-01	2.0251439991e-02
9.5161224000e+07	-8.2001737783e-01	1.5824335408e-02
9.5165306000e+07	-8.7750915912e-01	2.0379787594e-02
9.5169387000e+07	-8.6983737349e-01	1.8850694659e-02
9.5171428000e+07	-8.5760858731e-01	2.1258642061e-02
9.5173469000e+07	-7.9733070157e-01	2.2479186333e-02
9.5177551000e+07	-8.3179829453e-01	1.6473167158e-02
9.5181632000e+07	-8.0642179680e-01	1.3319041659e-02
9.5185714000e+07	-8.0969737739e-01	2.1014988132e-02
9.5189795000e+07	-7.8349034241e-01	2.2551113131e-02
9.5191836000e+07	-8.1959245421e-01	2.2410141910e-02
9.5193877000e+07	-8.0446577960e-01	2.0013838870e-02
9.5197959000e+07	-8.0776564317e-01	2.1753056960e-02
9.5202040000e+07	-7.7074279475e-01	1.8377680802e-02
9.5206122000e+07	-7.8863447831e-01	1.9195868494e-02
9.5210204000e+07	-7.9439581739e-01	2.1491545670e-02
9.5212244000e+07	-8.2476992924e-01	1.9148761528e-02
9.5214285000e+07	-7.7975676453e-01	1.7317288760e-02
9.5218367000e+07	-8.3352798580e-01	3.4307616888e-02
9.5222448000e+07	-7.8573068878e-01	1.5719711894e-02
9.5226530000e+07	-7.8008236670e-01	2.4581884841e-02
9.5230612000e+07	-8.3131891368e-01	1.8551491375e-02
9.5232653000e+07	-8.1409594643e-01	2.6294571043e-02
9.5234693000e+07	-8.1207968675e-01	2.0407410321e-02
9.5238775000e+07	-8.4709577566e-01	2.3224219933e-02
9.5242857000e+07	-8.3010390054e-01	1.5608412255e-02
9.5246938000e+07	-8.2533002724e-01	2.7348150555e-02
9.5251020000e+07	-8.2040282830e-01	1.4920383958e-02
9.5253061000e+07	-8.7488340259e-01	1.3862742978e-02
9.5255102000e+07	-8.1482504840e-01	2.1718207263e-02
9.5259183000e+07	-8.2036081255e-01	1.9180354853e-02
9.5263265000e+07	-8.5762933848e-01	1.5539092169e-02
9.5267346000e+07	-8.6333313736e-01	2.1974426360e-02
9.5271428000e+07	-9.1732023972e-01	1.6363171564e-02
9.5273469000e+07	-8.7021394067e-01	1.7792914446e-02
9.5275510000e+07	-8.7105867885e-01	2.2688510599e-02
9.5279591000e+07	-8.6079744272e-01	2.2035842246e-02
9.5283673000e+07	-8.7298764047e-01	1.5235714107e-02
9.5287755000e+07	-9.0122110577e-01	2.0367926924e-02
9.5291836000e+07	-8.3651253568e-01	2.3376782596e-02
9.5293877000e+07	-8.8646390553e-01	1.9541673300e-02
9.5295918000e+07	-8.4681781964e-01	2.1036182909e-02
9.5300000000e+07	-8.2033812782e-01	2.0128960087e-02
9.5304081000e+07	-9.1672816326e-01	2.0935282886e-02
9.5314285000e+07	-8.5141484503e-01	2.4240902607e-02
9.5324489000e+07	-8.5467693928e-01	2.4985441117e-02
9.5334693000e+07	-9.0787081544e-01	2.8761295022e-02
9.5344897000e+07	-8.7183398946e-01	1.9045981059e-02
9.5355102000e+07	-8.9584654794e-01	2.1560695819e-02
9.5365306000e+07	-8.4339306285e-01	2.7425560816e-02
9.5375510000e+07	-8.6855527589e-01	1.9944989149e-02
9.5385714000e+07	-8.2995443528e-01	2.1485785723e-02
9.5395918000e+07	-8.5977087592e-01	2.1686800871e-02
9.5406122000e+07	-8.5128438125e-01	1.6979050668e-02
9.5416326000e+07	-8.5959639699e-01	3.0522020488e-02
9.5426530000e+07	-8.3614921040e-01	3.1994227469e-02
9.5436734000e+07	-8.6249248330e-01	3.1138642327e-02
9.5446938000e+07	-8.5698850781e-01	2.2014906825e-02
9.5457142000e+07	-8.0526635489e-01	2.1462650746e-02
9.5467346000e+07	-8.2836626248e-01	2.1299634685e-02
9.5477551000e+07	-8.4525694957e-01	2.5823127106e-02
9.5487755000e+07	-8.6511356423e-01	2.3955009688e-02
9.5497959000e+07	-8.3340313086e-01	1.5940659223e-02
9.5508163000e+07	-9.1490318277e-01	2.1071515091e-02
9.5518367000e+07	-8.8081960615e-01	2.0851000261e-02
9.5528571000e+07	-8.2074725995e-01	2.2178388221e-02
9.5538775000e+07	-8.4755200434e-01	2.1243614862e-02
9.5548979000e+07	-8.6827088212e-01	2.7519577425e-02
9.5559183000e+07	-8.7436137230e-01	2.5430650708e-02
9.5569387000e+07	-8.5525830295e-01	2.3672644584e-02
9.5579591000e+07	-8.4457462603e-01	2.5096442462e-02
9.5589795000e+07	-8.4037422820e-01	3.2012614210e-02
9.5600000000e+07	-8.5429138593e-01	1.9725370067e-02
9.5610169000e+07	-8.6449604573e-01	1.8072760695e-02
9.5620338000e+07	-8.6790778882e-01	2.3914704497e-02
9.5630508000e+07	-8.6920585066e-01	2.4572658863e-02
9.5640677000e+07	-8.9030582910e-01	1.9225628250e-02
9.5650847000e+07	-8.5762961391e-01	2.1345611378e-02
9.5661016000e+07	-8.7520420223e-01	2.7292729743e-02
9.5671186000e+07	-8.5045876223e-01	2.3085359018e-02
9.5681355000e+07	-9.0777559242e-01	2.0346857240e-02
9.5691525000e+07	-8.1156418303e-01	2.5899514888e-02
9.5701694000e+07	-8.4680681428e-01	2.0326628803e-02
9.5711864000e+07	-8.2398269088e-01	2.6179364162e-02
9.5722033000e+07	-8.6699340563e-01	2.9043713725e-02
9.5732203000e+07	-8.7345627881e-01	2.4044333936e-02
9.5742372000e+07	-8.3948322156e-01	2.2310572678e-02
9.5752542000e+07	-8.8209626153e-01	2.2020961589e-02
9.5762711000e+07	-8.5461128097e-01	2.4779687297e-02
9.5772881000e+07	-8.6528893387e-01	2.7846123382e-02
9.5783050000e+07	-8.5805046028e-01	1.9505889493e-02
9.5793220000e+07	-8.3300494874e-01	3.0009949604e-02
9.5803389000e+07	-8.5787703329e-01	1.8380614656e-02
9.5813559000e+07	-8.7112358204e-01	2.1590911453e-02
9.5823728000e+07	-8.9118900952e-01	1.7661443420e-02
9.5833898000e+07	-9.0288124417e-01	1.5269627789e-02
9.5844067000e+07	-8.9135535396e-01	2.2809769744e-02
9.5854237000e+07	-8.6804877542e-01	2.3420823605e-02
9.5864406000e+07	-8.3884176288e-01	1.7414241355e-02
9.5874576000e+07	-8.4832277978e-01	2.1571999355e-02
9.5884745000e+07	-8.4657789364e-01	1.9197622016e-02
9.5894915000e+07	-8.8949287132e-01	2.6596239077e-02
9.5905084000e+07	-8.8910416186e-01	2.2055375079e-02
9.5915254000e+07	-8.5421104700e-01	2.9263227836e-02
9.5925423000e+07	-9.0275994712e-01	1.6389140765e-02
9.5935593000e+07	-8.6426991454e-01	2.0978785017e-02
9.5945762000e+07	-8.5574947204e-01	2.8492906973e-02
9.5955932000e+07	-8.3372843213e-01	2.0825052036e-02
9.5966101000e+07	-8.2148374892e-01	2.5989549003e-02
9.5976271000e+07	-8.5377411424e-01	2.9522351250e-02
9.5986440000e+07	-8.4936889647e-01	2.4747624583e-02
9.5996610000e+07	-8.4053966161e-01	2.6445598650e-02
9.6006779000e+07	-8.2189077617e-01	3.2242302566e-02
9.6016949000e+07	-8.2180152692e-01	2.8927221058e-02
9.6027118000e+07	-8.4727293208e-01	3.5173980464e-02
9.6037288000e+07	-8.1216535975e-01	2.4660872016e-02
9.6047457000e+07	-8.1512005241e-01	3.5229034300e-02
9.6057627000e+07	-8.4057860129e-01	2.3330911544e-02
9.6067796000e+07	-8.1783645285e-01	2.1205292461e-02
9.6077966000e+07	-8.0920991324e-01	2.3513162138e-02
9.6088135000e+07	-8.3462344224e-01	3.0907522018e-02
9.6098305000e+07	-8.6157260459e-01	2.7771060377e-02
9.6108474000e+07	-7.5240921849e-01	3.0810493565e-02
9.6118644000e+07	-8.0016763481e-01	2.4865910967e-02
9.6128813000e+07	-8.1653250461e-01	3.2627110100e-02
9.6138983000e+07	-8.1218359383e-01	2.3676729766e-02
9.6149152000e+07	-8.3391439519e-01	2.6176944088e-02
9.6159322000e+07	-8.2250343447e-01	3.3513930999e-02
9.6169491000e+07	-8.4125304167e-01	2.3330048448e-02
9.6179661000e+07	-8.1895947704e-01	2.1619688303e-02
9.6189830000e+07	-8.2548910052e-01	2.6389300449e-02
9.6200000000e+07	-8.4903660200e-01	1.9410804970e-02
9.6210169000e+07	-8.7243179001e-01	1.7997092292e-02
9.6220338000e+07	-8.3794348148e-01	2.1716974160e-02
9.6230508000e+07	-8.8834123169e-01	1.5322852025e-02
9.6240677000e+07	-8.8209356448e-01	2.0644083908e-02
9.6250847000e+07	-8.6358123909e-01	1.8165941843e-02
9.6261016000e+07	-8.7510085676e-01	2.1659109282e-02
9.6271186000e+07	-9.0466748006e-01	2.1928531037e-02
9.6281355000e+07	-8.3130556750e-01	2.1968020090e-02
9.6291525000e+07	-8.5735253931e-01	2.3673215601e-02
9.6301694000e+07	-8.8928147122e-01	2.7952836605e-02
9.6311864000e+07	-8.5673079981e-01	1.8831137526e-02
9.6322033000e+07	-8.8342833973e-01	2.0510533384e-02
9.6332203000e+07	-8.6643937299e-01	1.6942085738e-02
9.6342372000e+07	-8.4558339068e-01	2.4567375667e-02
9.6352542000e+07	-8.3522827338e-01	2.6707710210e-02
9.6362711000e+07	-8.7344357680e-01	3.0468907174e-02
9.6372881000e+07	-8.6888362155e-01	1.6497556400e-02
9.6383050000e+07	-8.9351992229e-01	1.9862605246e-02
9.6393220000e+07	-8.3503150535e-01	2.9900344181e-02
9.6403389000e+07	-8.2730599922e-01	2.7671289722e-02
9.6413559000e+07	-8.4040472551e-01	2.5824166943e-02
9.6423728000e+07	-8.4259332214e-01	2.4460858996e-02
9.6433898000e+07	-8.7101968284e-01	2.4580416850e-02
9.6444067000e+07	-8.4995719992e-01	1.5154651630e-02
9.6454237000e+07	-8.3812769446e-01	3.2829375131e-02
9.6464406000e+07	-8.8212124021e-01	2.0112856090e-02
9.6474576000e+07	-8.6273531048e-01	1.7215866823e-02
9.6484745000e+07	-8.6066415060e-01	2.3562171711e-02
9.6494915000e+07	-8.8020843935e-01	2.0842556938e-02
9.6505084000e+07	-8.6615213726e-01	2.5375053340e-02
9.6515254000e+07	-8.3823177316e-01	2.3942204431e-02
9.6525423000e+07	-8.9212770296e-01	2.2056881289e-02
9.6535593000e+07	-8.3816080941e-01	2.3850949398e-02
9.6545762000e+07	-8.8067539345e-01	2.6569334740e-02
9.6555932000e+07	-8.9896692151e-01	1.5963513471e-02
9.6566101000e+07	-8.4640706534e-01	2.2641526245e-02
9.6576271000e+07	-8.1548252390e-01	2.4184383769e-02
9.6586440000e+07	-8.3435213763e-01	1.8975576695e-02
9.6596610000e+07	-8.5718124025e-01	2.0966562513e-02
9.6606779000e+07	-8.8984355843e-01	1.7994093745e-02
9.6616949000e+07	-8.4431332805e-01	2.3842729839e-02
9.6627118000e+07	-8.7528699868e-01	1.7024671374e-02
9.6637288000e+07	-8.4159148284e-01	3.1053004716e-02
9.6647457000e+07	-8.4532982282e-01	2.9799786533e-02
9.6657627000e+07	-8.6209430088e-01	2.0070162942e-02
9.6667796000e+07	-8.6357660991e-01	3.1705524326e-02
9.6677966000e+07	-8.3120704499e-01	1.5739669437e-02
9.6688135000e+07	-8.5630869035e-01	2.7194569457e-02
9.6698305000e+07	-8.1912540047e-01	2.2657434213e-02
9.6708474000e+07	-8.6765414466e-01	3.0818826659e-02
9.6718644000e+07	-8.2905974047e-01	3.1522698821e-02
9.6728813000e+07	-8.9063213455e-01	1.6414374224e-02
9.6738983000e+07	-8.9986310406e-01	1.3950304859e-02
9.6749152000e+07	-8.7496425503e-01	2.5349398457e-02
9.6759322000e+07	-8.3950637057e-01	2.4151686747e-02
9.6769491000e+07	-8.0872300552e-01	2.9635167283e-02
9.6779661000e+07	-8.9026613433e-01	2.4523829702e-02
9.6789830000e+07	-8.5885306574e-01	1.9748154932e-02
9.6800000000e+07	-8.2607865256e-01	1.4158975377e-02
9.6810169000e+07	-8.2896900431e-01	2.9454990771e-02
9.6820338000e+07	-8.5777521023e-01	1.8302267884e-02
9.6830508000e+07	-8.1733868127e-01	2.0816691006e-02
9.6840677000e+07	-8.7186029896e-01	2.4943400486e-02
9.6850847000e+07	-8.6954844886e-01	1.8064405870e-02
9.6861016000e+07	-8.3691080320e-01	2.0978683328e-02
9.6871186000e+07	-8.7906720489e-01	2.2143931858e-02
9.6881355000e+07	-8.6565888113e-01	1.9375257768e-02
9.6891525000e+07	-8.2437833471e-01	1.7788379307e-02
9.6901694000e+07	-8.5873722696e-01	2.6653169937e-02
9.6911864000e+07	-8.6415569593e-01	1.6928405913e-02
9.6922033000e+07	-8.6883480604e-01	1.7309120102e-02
9.6932203000e+07	-8.5959719730e-01	2.8152585000e-02
9.6942372000e+07	-8.1326721239e-01	2.5553736756e-02
9.6952542000e+07	-8.7614433816e-01	2.6470801917e-02
9.6962711000e+07	-8.3621665142e-01	2.7407084368e-02
9.6972881000e+07	-8.7132813317e-01	1.9808803185e-02
9.6983050000e+07	-8.4224257749e-01	2.7511741766e-02
9.6993220000e+07	-8.5007401463e-01	3.4527304007e-02
9.7003389000e+07	-8.7209056560e-01	1.6614634227e-02
9.7013559000e+07	-8.6436143750e-01	1.7608593655e-02
9.7023728000e+07	-8.6621743816e-01	2.6461236151e-02
9.7033898000e+07	-8.6633231749e-01	2.3635414319e-02
9.7044067000e+07	-8.7514568234e-01	2.2845779545e-02
9.7054237000e+07	-8.6177805871e-01	2.0304747308e-02
9.7064406000e+07	-8.5495248823e-01	2.7247804841e-02
9.7074576000e+07	-8.6419454544e-01	2.9105292685e-02
9.7084745000e+07	-8.5259785202e-01	2.2246316867e-02
9.7094915000e+07	-8.3715743145e-01	1.9780061680e-02
9.7105084000e+07	-9.1460580382e-01	2.7096691072e-02
9.7115254000e+07	-8.6866052351e-01	2.2137891544e-02
9.7125423000e+07	-8.4582414802e-01	1.9616415761e-02
9.7135593000e+07	-8.7822984146e-01	2.4673858554e-02
9.7145762000e+07	-8.8598849157e-01	2.9209248894e-02
9.7155932000e+07	-8.3193136572e-01	3.0630259789e-02
9.7166101000e+07	-8.5883272675e-01	2.7925025923e-02
9.7176271000e+07	-8.1935331681e-01	2.8439809897e-02
9.7186440000e+07	-8.6628987626e-01	2.4813613050e-02
9.7196610000e+07	-8.3912080995e-01	2.5169431258e-02
9.7206779000e+07	-8.5891051673e-01	2.0790231772e-02
9.7216949000e+07	-9.2969001513e-01	1.8803609823e-02
9.7227118000e+07	-9.0064746583e-01	1.7837769845e-02
9.7237288000e+07	-8.9155561817e-01	2.9199885607e-02
9.7247457000e+07	-8.3213191918e-01	2.6808507856e-02
9.7257627000e+07	-8.4697954771e-01	2.0739272703e-02
9.7267796000e+07	-8.6649338073e-01	2.5729611324e-02
9.7277966000e+07	-8.5598971386e-01	2.5172791115e-02
9.7288135000e+07	-8.8659701691e-01	2.2573317494e-02
9.7298305000e+07	-8.6964329623e-01	2.2494834983e-02
9.7308474000e+07	-8.7809688858e-01	2.9729744439e-02
9.7318644000e+07	-8.8389147310e-01	1.7439283203e-02
9.7328813000e+07	-8.3889035508e-01	2.0818888938e-02
9.7338983000e+07	-8.4996578702e-01	2.0740017930e-02
9.7349152000e+07	-8.1403901615e-01	1.8242711625e-02
9.7359322000e+07	-8.5736647474e-01	2.0370129661e-02
9.7369491000e+07	-8.7592918895e-01	3.0585517680e-02
9.7379661000e+07	-8.6981917734e-01	1.6815883284e-02
9.7389830000e+07	-8.4680934495e-01	2.7866401382e-02
9.7400000000e+07	-8.5833954646e-01	1.6149945954e-02
9.7410169000e+07	-8.6459399032e-01	1.6597871273e-02
9.7420338000e+07	-8.8973954018e-01	1.9081309599e-02
9.7430508000e+07	-8.3434914189e-01	1.8224750058e-02
9.7440677000e+07	-8.7498756533e-01	2.1829442345e-02
9.7450847000e+07	-9.0152476722e-01	1.5546329405e-02
9.7461016000e+07	-8.6262891463e-01	2.0904446314e-02
9.7471186000e+07	-8.7616589109e-01	1.6239863713e-02
9.7481355000e+07	-8.9748686973e-01	2.0156612365e-02
9.7491525000e+07	-9.0372640842e-01	2.2339782600e-02
9.7501694000e+07	-8.6537704557e-01	1.8264259376e-02
9.7511864000e+07	-8.7655030757e-01	1.6151639234e-02
9.7522033000e+07	-8.4740026051e-01	1.7913143825e-02
9.7532203000e+07	-8.3824930986e-01	1.8598401763e-02
9.7542372000e+07	-8.5463127422e-01	2.5759251741e-02
9.7552542000e+07	-8.4989797487e-01	2.0254077623e-02
9.7562711000e+07	-8.5082931201e-01	2.0978032374e-02
9.7572881000e+07	-8.6594123704e-01	2.4012620729e-02
9.7583050000e+07	-8.3834970148e-01	1.8551084092e-02
9.7593220000e+07	-8.5706340737e-01	1.5823133326e-02
9.7603389000e+07	-8.8396645983e-01	1.3004759751e-02
9.7613559000e+07	-8.9352711903e-01	1.5457546289e-02
9.7623728000e+07	-8.8178824267e-01	1.6203013084e-02
9.7633898000e+07	-8.7433349249e-01	1.6586284002e-02
9.7644067000e+07	-8.6936821326e-01	1.9468343957e-02
9.7654237000e+07	-8.7829078358e-01	1.5532538021e-02
9.7664406000e+07	-9.0643215277e-01	1.7910864770e-02
9.7674576000e+07	-8.5718072258e-01	1.8689728456e-02
9.7684745000e+07	-8.4505278031e-01	2.1305889673e-02
9.7694915000e+07	-8.6443420634e-01	1.4637277164e-02
9.7705084000e+07	-8.3214154533e-01	1.3970691603e-02
9.7715254000e+07	-8.5520683768e-01	1.7492666277e-02
9.7725423000e+07	-8.5916471529e-01	1.8542386690e-02
9.7735593000e+07	-8.7044445785e-01	1.9505428112e-02
9.7745762000e+07	-8.6373937840e-01	2.1283256156e-02
9.7755932000e+07	-8.9514154276e-01	1.6657074240e-02
9.7766101000e+07	-8.3547051889e-01	2.4565871440e-02
9.7776271000e+07	-8.9569267581e-01	2.0619725947e-02
9.7786440000e+07	-8.9478113629e-01	2.6073912165e-02
9.7796610000e+07	-8.7555660255e-01	2.2500142394e-02
9.7806779000e+07	-8.7739166463e-01	2.2454551553e-02
9.7816949000e+07	-8.4948757322e-01	2.6904566667e-02
9.7827118000e+07	-8.6548067955e-01	1.8846869923e-02
9.7837288000e+07	-8.7835149304e-01	1.5096164305e-02
9.7847457000e+07	-8.7963478960e-01	1.5451511953e-02
9.7857627000e+07	-8.6800553975e-01	2.0100395094e-02
9.7867796000e+07	-8.5426536376e-01	2.2952580758e-02
9.7877966000e+07	-8.4836246999e-01	1.7016414198e-02
9.7888135000e+07	-8.9390000598e-01	1.8117317410e-02
9.7898305000e+07	-8.7876591825e-01	1.8462108520e-02
9.7908474000e+07	-8.7829284843e-01	1.5747909314e-02
9.7918644000e+07	-8.7541228699e-01	1.5954088276e-02
9.7928813000e+07	-8.6114369424e-01	1.6613768198e-02
9.7938983000e+07	-8.8116126454e-01	1.4483551981e-02
9.7949152000e+07	-8.6816977483e-01	1.4533799172e-02
9.7959322000e+07	-8.4766536367e-01	2.1190251574e-02
9.7969491000e+07	-8.8399582093e-01	1.8607605831e-02
9.7979661000e+07	-8.8442524199e-01	1.5261510568e-02
9.7989830000e+07	-8.4407360117e-01	1.5759775874e-02
9.8000000000e+07	-8.9983945068e-01	2.4834328694e-02
